4.796492884337590912e-01 9.124664421066711606e-01 6.904178207533427925e-01 5.893808746119846287e-01 6.956889678661815068e-03 4.105494285911258645e-01
5.754404923030363994e-01 4.633602548837395529e-01 6.409054654957480057e-02 3.139863492525959421e-01 4.612680080203589439e-01 9.672795517632257756e-01
3.524095983906400109e-01 7.531626620776382675e-01 5.775202357922004648e-01 5.597924144792054690e-01 1.092233452981374864e-01 8.762378582289046536e-01
2.909703485767368702e-01 9.983483629404784621e-01 9.165838581367122817e-01 4.766325249968289546e-01 5.770842492918942801e-01 6.420863005925374623e-01
1.253222655193008128e-01 4.579066173892022418e-01 7.159551244766083622e-01 9.379145969549897988e-01 3.189902517528786507e-01 9.236743792387582808e-01
3.421268397650700788e-02 1.589295357752521509e-01 7.083461138013453784e-01 2.771916030457264313e-01 4.268321141185836831e-01 7.406805379345821061e-01
8.882733715843227351e-02 1.921120889678996635e-01 8.030065950801639207e-01 1.184078767946705746e-01 5.861532949344450127e-01 3.364436771893275502e-02
7.378243577063593461e-01 6.873009306769808369e-01 6.845306325144877579e-01 4.294089642147177477e-01 5.735507729526512222e-01 8.265548580225611230e-01
6.848143718337441621e-01 9.771564827999631442e-01 7.038218367374998730e-01 6.424422805377896228e-01 8.882715447770814787e-01 6.304580759574429649e-01
9.745424537772449103e-01 2.330487579093247774e-01 6.577818952265171992e-01 3.586324510244185415e-01 5.489295018296429518e-01 4.224558033262578727e-01
