0.4725339642554912
0.03754145278642618
0.8367449663550784
0.6060524797282738
0.7445552674889442
0.3795813937889245
0.6411238102544727
0.46570283521028444
0.5579649972896517
0.8290478241762813
0.18950349177562387
0.005271990356112144
0.0638291548167017
0.5283440958205543
0.6654475537080461
0.3191975691931531
0.0132493103544572
0.2022082887745772
0.9886892318280247
0.7603493479830146
0.7108961258258807
0.10847592335953626
0.7332651598390435
0.823579828762809
0.17812048171294192
0.7642664058625388
0.11790857515283437
0.3573854916797642
0.6154951509048141
0.5508445704020261
0.9255091000588026
0.5637960189345423
0.376856071081519
0.5831666329261523
0.22685834618559952
0.3105829574852962
0.60700487234497
0.083552894128614
0.41606688446582396
0.8867079868915305
0.43456605122372527
0.4700879017358066
0.3321187690119657
0.04997454181358041
0.4517683440622082
0.7847412405779679
0.4256747501800958
0.6646994011862837
0.6485788058487959
0.16449725365191725
0.813342868272578
0.2690780208036845
0.5435389119419923
0.7173138171760841
0.6689686794539831
0.1864032274486962
0.47523530010369164
0.4580603071858368
0.8713276271391042
0.39084152864531896
0.17599689556365017
0.020551872088028555
0.7815306352569276
0.3842043186416346
0.6763656722823311
0.23536246774536373
0.7781147953569693
0.5747188105701969
0.5946126916579033
0.35393053350017867
0.9845075996840047
0.11566270028117775
0.6501121971957916
0.5212530385603692
0.276608598033218
0.8006050715695594
0.07852321254161809
0.5691003205684173
0.8922352445200671
0.7522754784330538
0.5315586950757364
0.8833989120504929
0.4750300427551756
0.5654327613353347
0.4888368312978304
0.6111889108935336
0.8282913664386833
0.009862203712384998
0.6702575896288404
0.5223014196157122
0.7875416898673917
0.339050785310146
0.06806607149605459
0.06953066656534335
0.19806084222626996
0.28963701607484504
0.5657108702636918
0.9050354882740776
0.3141319409483878
0.38939667150492385
