0.9816965031016879
0.41469444762483976
0.24360289563332893
0.7831123653904086
0.6107374691700053
0.5589764310080472
0.10570656898134712
0.31302929108885014
0.07241193971914439
0.4309353304334568
0.311883009621862
0.6586008454813954
0.8384780734803273
0.2098537663818265
0.277957112522349
0.8639562524195051
0.3444010909205778
0.6070364524989198
0.006249434562820455
0.418303765807569
0.5904425321087068
0.27092187325559114
0.6059917631169441
0.8500236714793762
0.605539050399995
0.3165320529972109
0.32802650236415476
0.3213881851437782
0.4589591164517034
0.910632763506749
0.5813124953456726
0.6966999233916115
0.3301383476748059
0.6268662952287922
0.11513603778362413
0.4962979643171901
0.3947273640111716
0.07310269328571861
0.421595219652935
0.20014894636543
0.1991627359332253
0.7595414907600608
0.09546302354194303
0.16641285429027275
0.7060327074712975
0.4390893704146335
0.6401561933022417
0.6162720165211983
0.8852925699513928
0.39169459154240427
0.6641091022570454
0.12127478190205654
0.6227517242278345
0.17440479727555902
0.8418254411358347
0.30089151696326843
0.6912469089853273
0.6726226515807546
0.44188393030632134
0.35399676182255435
0.794899097589749
0.007899923102427153
0.17378159376009494
0.3129972231749121
0.1258465744346403
0.13781229534298434
0.8347018234495294
0.7466494432139926
0.0840646099677197
0.9488153586860418
0.7244742009292429
0.8453215905620534
0.8101331588406732
0.4375849912002706
0.6063082789736592
0.18091420774487488
0.625855608175771
0.8650102622128486
0.33041539256301544
0.8860775131193946
0.9681114892352364
0.33784102131550753
0.9750018112181745
0.25258883459039605
0.6185058008471822
0.014637266518613523
0.5806066385301777
0.8295616400111754
0.5443171629455829
0.9317829134265506
0.7249925377355726
0.7373077147161176
0.6518649068395831
0.7192369743389491
0.39703958895482117
0.6670941270717694
0.07102374641106601
0.6803710171463196
0.4312445615795245
0.9346826937779612
